Test Case (x,y) starting point is: 
 [399, 145]

Test Case (x,y) goal point is: 
 [50, 50] 

The nodes are stored as a tuple of (x,y) PIXEL coordinates, i.e. the Final State node is  (50, 250)

This Game Over 
 Final State Node: 
 [50, 250]

Our Road Map is:  [(399, 155), (399, 154), (399, 153), (399, 152), (399, 151), (399, 150), (399, 149), (399, 148), (399, 147), (399, 146), (398, 145), (397, 144), (396, 143), (395, 142), (394, 141), (393, 140), (392, 139), (391, 138), (390, 137), (389, 136), (388, 135), (387, 134), (386, 133), (385, 132), (384, 131), (383, 130), (382, 129), (381, 128), (380, 129), (379, 130), (378, 131), (377, 132), (376, 133), (375, 134), (374, 135), (373, 136), (372, 137), (371, 138), (370, 139), (369, 140), (368, 141), (367, 142), (366, 143), (365, 144), (364, 145), (363, 146), (362, 147), (361, 148), (360, 149), (359, 150), (358, 151), (357, 152), (356, 153), (355, 154), (354, 155), (353, 156), (352, 157), (351, 158), (350, 159), (349, 160), (348, 160), (347, 160), (346, 160), (345, 159), (344, 159), (343, 159), (342, 159), (341, 158), (340, 158), (339, 158), (338, 158), (337, 157), (336, 157), (335, 157), (334, 157), (333, 156), (332, 156), (331, 156), (330, 156), (329, 155), (328, 155), (327, 155), (326, 155), (325, 155), (324, 155), (323, 156), (322, 157), (321, 158), (320, 159), (319, 160), (318, 161), (317, 162), (316, 163), (315, 164), (314, 165), (313, 166), (312, 167), (311, 168), (310, 169), (309, 170), (308, 171), (307, 172), (306, 173), (305, 174), (304, 175), (303, 176), (302, 177), (301, 178), (300, 179), (299, 180), (298, 181), (297, 182), (296, 183), (295, 184), (294, 185), (293, 186), (292, 187), (291, 188), (290, 189), (289, 190), (288, 191), (287, 192), (286, 193), (285, 194), (284, 195), (283, 196), (282, 197), (281, 198), (280, 199), (279, 200), (278, 201), (277, 202), (276, 203), (275, 204), (274, 205), (273, 206), (272, 207), (271, 208), (270, 209), (269, 210), (268, 211), (267, 212), (266, 213), (265, 214), (264, 215), (263, 216), (262, 217), (261, 218), (260, 219), (259, 220), (258, 221), (257, 222), (256, 223), (255, 224), (254, 225), (253, 226), (252, 227), (251, 228), (250, 229), (249, 230), (248, 231), (247, 232), (246, 233), (245, 234), (244, 235), (243, 236), (242, 237), (241, 238), (240, 239), (239, 240), (238, 241), (237, 242), (236, 243), (235, 244), (234, 245), (233, 246), (232, 247), (231, 248), (230, 249), (229, 250), (228, 251), (227, 252), (226, 253), (225, 254), (224, 255), (223, 256), (222, 257), (221, 258), (220, 259), (219, 260), (218, 261), (217, 262), (216, 263), (215, 264), (214, 265), (213, 266), (212, 267), (211, 268), (210, 269), (209, 270), (208, 271), (207, 272), (206, 273), (205, 274), (204, 275), (203, 276), (202, 277), (201, 278), (200, 279), (199, 280), (198, 281), (197, 282), (196, 283), (195, 284), (194, 285), (193, 286), (192, 287), (191, 288), (190, 289), (189, 290), (188, 291), (187, 292), (186, 293), (185, 294), (184, 295), (183, 296), (182, 297), (181, 298), (180, 299), (179, 300), (178, 300), (177, 300), (176, 300), (175, 300), (174, 300), (173, 300), (172, 300), (171, 300), (170, 300), (169, 300), (168, 300), (167, 300), (166, 300), (165, 300), (164, 300), (163, 300), (162, 300), (161, 300), (160, 300), (159, 300), (158, 300), (157, 300), (156, 300), (155, 300), (154, 300), (153, 300), (152, 300), (151, 300), (150, 300), (149, 300), (148, 300), (147, 300), (146, 300), (145, 300), (144, 300), (143, 300), (142, 300), (141, 300), (140, 300), (139, 300), (138, 300), (137, 300), (136, 300), (135, 300), (134, 300), (133, 300), (132, 300), (131, 300), (130, 300), (129, 300), (128, 300), (127, 300), (126, 300), (125, 300), (124, 300), (123, 300), (122, 300), (121, 300), (120, 300), (119, 300), (118, 300), (117, 300), (116, 300), (115, 300), (114, 300), (113, 300), (112, 300), (111, 300), (110, 300), (109, 300), (108, 300), (107, 300), (106, 300), (105, 300), (104, 300), (103, 300), (102, 300), (101, 300), (100, 300), (99, 299), (98, 298), (97, 297), (96, 296), (95, 295), (94, 294), (93, 293), (92, 292), (91, 291), (90, 290), (89, 289), (88, 288), (87, 287), (86, 286), (85, 285), (84, 284), (83, 283), (82, 282), (81, 281), (80, 280), (79, 279), (78, 278), (77, 277), (76, 276), (75, 275), (74, 274), (73, 273), (72, 272), (71, 271), (70, 270), (69, 269), (68, 268), (67, 267), (66, 266), (65, 265), (64, 264), (63, 263), (62, 262), (61, 261), (60, 260), (59, 259), (58, 258), (57, 257), (56, 256), (55, 255), (54, 254), (53, 253), (52, 252), (51, 251), (50, 250)]
